%YAML:1.0
---
model_type: PINHOLE
camera_name: camera
image_width: 640
image_height: 480
distortion_parameters:
   k1: 0.00036613846978825047
   k2: -0.0025670240337727
   p1: 0.000153311855360692
   p2: 0.0004117820805774178
projection_parameters:
   fx: 385.70896573910227
   fy: 385.9708859826725
   cx: 325.4692988148595
   cy: 241.60790296833832