%YAML:1.0
---
model_type: PINHOLE
camera_name: camera
image_width: 640
image_height: 480
distortion_parameters:
   k1: 0.0
   k2: 0.0
   p1: 0.0
   p2: 0.0
projection_parameters:
   fx: 386.17555065917969
   fy: 386.17555065917969
   cx: 323.431884765625
   cy: 238.01177978515625
