%YAML:1.0
---
model_type: PINHOLE
camera_name: camera
image_width: 640
image_height: 480
distortion_parameters:
   k1: 0.0006515939874007403
   k2: -0.002978289402268137
   p1: 0.00027132183638309146
   p2: -2.1993754895669484e-06
projection_parameters:
   fx: 385.8092401706777
   fy: 386.1085724073917
   cx: 325.0081995998474
   cy: 242.21383038544172
