cam0:
  T_imu_cam: #rotation from camera to IMU R_CtoI, position of camera in IMU p_CinI
    - [-0.00636802,  -0.00111515,  0.9999791, 0.08454555]
    - [ -0.9998574,  -0.015634,  -0.00638468, 0.02509323]
    - [ 0.01564079,  -0.99987716,-0.00101544, 0.01754482]
    - [ 0.0, 0.0, 0.0, 1.0]
  cam_overlaps: [1]
  camera_model: pinhole
  distortion_coeffs: [0.0, 0.0, 0.0, 0.0]
  distortion_model: radtan
  intrinsics: [387.8065185546875,387.8065185546875,325.18890380859375,241.5621795654297] #fu, fv, cu, cv
  resolution: [640, 480]
  rostopic: /camera/infra1/image_rect_raw
cam1:
  T_imu_cam: #rotation from camera to IMU R_CtoI, position of camera in IMU p_CinI
    - [0.00455866, -0.00082993, 0.99998926, 0.08543354]
    - [-0.99987  , -0.01547027, 0.00454527,-0.02490152]
    - [0.01546633, -0.99987998,-0.00090034, 0.0183718]
    - [ 0.0, 0.0, 0.0, 1.0]
  cam_overlaps: [0]
  camera_model: pinhole
  distortion_coeffs: [0.0, 0.0, 0.0, 0.0]
  distortion_model: radtan
  intrinsics: [387.8065185546875,387.8065185546875,325.18890380859375,241.5621795654297] #fu, fv, cu, cv
  resolution: [640, 480]
  rostopic: /camera/infra2/image_rect_raw