%YAML:1.0

cam0:
  T_imu_cam: #rotation from camera to IMU R_CtoI, position of camera in IMU p_CinI
    - [ 0.00864189, -0.01637092,  0.99982864,  0.01382131]
    - [-0.99992459, -0.00886581,  0.00849756,  0.008721]
    - [0.00872518,  -0.99982668,  -0.0164463,  0.02073111]
    - [ 0.0,          0.0,          0.0,          1.0 ]
  cam_overlaps: [1]
  camera_model: pinhole
  distortion_coeffs: [0.0, 0.0, 0.0, 0.0]
  distortion_model: radtan
  intrinsics: [386.17555065917969,386.17555065917969,323.431884765625,238.01177978515625] #fu, fv, cu, cv
  resolution: [640, 480]
  rostopic: /camera/infra1/image_rect_raw
cam1:
  T_imu_cam: #rotation from camera to IMU R_CtoI, position of camera in IMU p_CinI
    - [ 0.00917106, -0.01654555,  0.99982105,  0.01536227]
    - [-0.99991874, -0.00900592,  0.00902292, -0.04166385]
    - [0.00885502 , -0.99982255,  -0.0166268,  0.02125164]
    - [ 0.0, 0.0, 0.0, 1.0]
  cam_overlaps: [0]
  camera_model: pinhole
  distortion_coeffs: [0.0, 0.0, 0.0, 0.0]
  distortion_model: radtan
  intrinsics: [386.17555065917969,386.17555065917969,323.431884765625,238.01177978515625] #fu, fv, cu, cv
  resolution: [640, 480]
  rostopic: /camera/infra2/image_rect_raw
