%YAML:1.0
---
model_type: PINHOLE
camera_name: camera
image_width: 640
image_height: 480
distortion_parameters:
   k1: 0.0
   k2: 0.0
   p1: 0.0
   p2: 0.0
projection_parameters:
   fx: 385.5382385253906
   fy: 385.5382385253906
   cx: 324.6372985839844
   cy: 240.3457794189453
# projection_parameters:
#    fx: 320.0
#    fy: 320.0
#    cx: 320.0
#    cy: 240.0
