%YAML:1.0
---
model_type: PINHOLE
camera_name: camera
image_width: 640
image_height: 480
distortion_parameters:
   k1: 0.0021930209383875846
   k2: -0.0006717454411454407
   p1: -2.5630574364224307e-05
   p2: 0.00024608747909374534
projection_parameters:
   fx: 389.18584273501347
   fy: 389.3456339809484
   cx: 325.3210080482278
   cy: 241.21243725431444