%YAML:1.0
---
model_type: PINHOLE
camera_name: camera
image_width: 640
image_height: 480
distortion_parameters:
   k1: 0.002573342922894711
   k2: -0.0010310134597111677
   p1: 0.00027045575209577315
   p2: -0.00011045694467915551
projection_parameters:
   fx: 389.31797336721627
   fy: 389.54148329560513
   cx: 324.69807955961676
   cy: 241.98219903294324