%YAML:1.0
---
model_type: PINHOLE
camera_name: camera
image_width: 640
image_height: 480
distortion_parameters:
   k1: 0.0
   k2: 0.0
   p1: 0.0
   p2: 0.0
projection_parameters:
   fx: 387.8065185546875
   fy: 387.8065185546875
   cx: 325.18890380859375
   cy: 241.5621795654297
# projection_parameters:
#    fx: 320.0
#    fy: 320.0
#    cx: 320.0
#    cy: 240.0